26
26
26
26
20
25
25
18
31
31
16
61
61
16
91
81
81
81
81
81
81
81
26
26
26
26
20
25
25
18
31
31
16
61
61
16
81
81
81
81
81
81
81
81
26
26
26
26
20
25
25
18
31
31
16
61
61
16
81
81
81
81
81
81
81
0
26
26
26
26
20
25
25
18
31
31
16
61
61
16
81
81
81
81
81
81
81
1
26
26
26
26
20
25
25
18
31
31
16
61
61
16
81
81
81
81
81
81
81
2
26
26
26
26
20
25
25
18
31
31
16
61
61
16
81
81
81
81
81
81
81
3
26
26
26
26
20
25
25
18
31
31
16
61
61
16
81
81
81
81
81
81
81
4
26
26
26
26
20
25
25
18
31
31
16
61
61
16
81
81
81
81
81
81
81
5
26
26
26
26
20
25
25
18
31
31
16
61
61
16
81
81
81
81
81
81
81
6
26
26
26
26
20
25
25
18
31
31
16
61
61
16
81
81
81
81
81
81
81
7
26
26
26
26
20
25
25
18
31
31
16
61
61
16
81
81
81
81
81
81
81
81
81
81
81
81
81
81
81
81
81
81
81
81
81
81
81
81
81
81
81
81
81
81
81
81
81
81
81
81
81
81
81
81
81
81
81
81
81
81
81
81
81
81
81
81
81
81
81
81
81
81
81
81
81
81
81
81
81
81
81
81
81
81
81
81
81
81
28
28
29
29
20
24
24
18
27
27
16
57
57
16
81
81
81
81
81
81
81
81
28
28
29
29
20
24
24
18
27
27
16
57
57
16
81
81
81
81
81
81
81
81
28
28
29
29
20
24
24
18
27
27
16
57
57
16
81
81
81
81
81
81
81
81
28
28
29
29
20
24
24
18
27
27
16
57
57
16
81
81
81
81
81
81
81
81
28
28
29
29
20
24
24
18
27
27
16
57
57
16
81
81
81
81
81
81
81
81
28
28
29
29
20
24
24
18
27
27
16
57
57
16
81
81
81
81
81
81
81
81
28
28
29
29
20
24
24
18
27
27
16
57
57
16
81
81
81
81
81
81
81
81
28
28
29
29
20
24
24
18
27
27
16
57
57
16
81
81
81
81
81
81
81
81
28
28
29
29
20
24
24
18
27
27
16
57
57
16
81
81
81
81
81
81
81
81
28
28
29
29
20
24
24
18
27
27
16
57
57
16
81
81
81
81
81
81
81
81
28
28
29
29
20
24
24
18
27
27
16
57
57
16
81
81
81
81
81
81
81
81
28
28
29
29
20
24
24
18
27
27
16
57
57
16
81
81
81
81
81
81
81
81
81
81
81
81
81
81
81
81
81
81
81
81
81
81
81
81
81
81
81
81
81
81
81
81
81
81
81
81
81
81
81
81
81
81
81
81
81
81
81
81
81
81
81
81
81
81
81
81
81
81
81
81
81
81
81
81
81
81
81
81
81
81
81
81
81
81
30
30
30
30
20
25
25
18
31
31
16
61
61
16
81
81
81
81
81
81
81
81
30
30
30
30
20
25
25
18
31
31
16
61
61
16
81
81
81
81
81
81
81
81
30
30
30
30
20
25
25
18
31
31
16
61
61
16
81
81
81
81
81
81
81
81
30
30
30
30
20
25
25
18
31
31
16
61
61
16
81
81
81
81
81
81
81
81
30
30
30
30
20
25
25
18
31
31
16
61
61
16
81
81
81
81
81
81
81
81
30
30
30
30
20
25
25
18
31
31
16
61
61
16
81
81
81
81
81
81
81
81
30
30
30
30
20
25
25
18
31
31
16
61
61
16
81
81
81
81
81
81
81
81
30
30
30
30
20
25
25
18
31
31
16
61
61
16
81
81
81
81
81
81
81
81
30
30
30
30
20
25
25
18
31
31
16
61
61
16
81
81
81
81
81
81
80
81
30
30
30
30
20
25
25
18
31
31
16
61
61
16
81
81
81
81
81
81
81
81
30
30
30
30
20
25
25
18
31
31
16
61
61
16
81
81
81
81
81
81
81
81
