81
81
81
81
81
81
81
81
81
48
23
23
23
23
23
23
23
81
81
81
81
81
81
81
81
81
81
81
81
81
81
81
23
24
24
24
24
24
23
81
81
81
81
81
81
81
81
81
81
81
81
81
81
81
23
24
81
81
81
72
40
72
81
81
81
81
81
81
81
81
81
81
81
81
81
81
23
24
24
24
24
24
23
81
81
81
81
81
81
81
1
23
23
23
23
23
23
81
23
24
24
24
24
24
23
81
81
81
81
81
81
81
23
25
25
25
25
25
23
81
23
23
23
23
23
23
0
81
81
81
81
81
81
73
41
73
81
81
81
25
23
81
81
81
81
81
81
81
81
81
81
81
81
81
81
81
23
25
25
25
25
25
23
81
81
81
81
81
81
81
81
81
81
81
81
81
81
81
23
25
25
25
25
25
23
81
81
81
81
78
81
81
81
81
81
81
81
81
81
81
23
23
23
23
23
23
23
49
23
23
23
46
23
23
23
81
81
81
81
81
81
81
81
81
81
81
81
81
81
81
23
30
30
78
30
30
23
81
81
81
81
81
81
81
81
81
81
81
81
81
81
81
23
30
30
81
30
30
23
81
81
81
81
81
81
81
81
81
81
74
81
81
81
81
23
30
30
81
30
30
23
81
81
81
81
81
81
81
23
23
23
42
23
23
2
81
23
30
30
81
30
30
23
81
81
81
81
81
81
50
23
26
26
74
26
26
23
81
23
23
23
6
23
23
23
81
81
81
81
81
81
81
23
26
26
81
26
26
23
81
81
81
81
81
81
54
81
81
81
81
81
81
81
81
23
26
26
81
26
26
23
81
81
81
81
81
81
81
81
81
81
81
81
81
81
81
23
26
26
81
26
26
23
81
81
81
81
81
81
81
81
81
81
81
81
81
81
81
23
23
23
23
23
23
23
53
23
23
23
23
23
23
23
81
81
81
81
81
81
81
81
81
81
81
81
81
81
81
23
29
29
81
29
29
23
81
81
81
81
81
81
81
81
81
81
81
81
81
81
81
5
29
29
81
29
29
23
81
81
81
81
81
81
81
81
81
81
81
81
81
81
81
23
29
29
81
29
29
23
81
81
81
81
81
81
81
7
23
23
23
23
23
23
81
23
29
29
77
29
29
23
81
81
81
81
81
81
81
23
31
31
31
31
31
23
81
23
23
23
45
23
23
23
81
81
81
81
81
81
81
23
31
31
31
31
31
23
81
81
81
81
77
81
81
81
81
81
81
81
81
81
81
23
31
81
81
81
79
47
79
81
81
81
81
81
81
81
81
81
81
81
81
81
81
23
31
31
31
31
31
23
81
81
81
81
81
81
81
81
81
81
81
81
81
81
81
23
23
23
23
23
23
23
81
23
23
23
23
23
23
4
81
81
81
81
81
81
81
55
81
81
81
81
81
81
81
23
28
28
28
28
28
23
81
81
81
81
81
81
81
81
81
81
81
81
81
81
76
44
76
81
81
81
28
23
81
81
81
81
81
81
81
81
81
81
81
81
81
81
81
23
28
28
28
28
28
23
81
81
81
81
81
81
81
23
23
23
23
23
23
23
81
23
28
28
28
28
28
23
81
81
81
81
81
81
81
23
27
27
81
27
27
23
51
23
23
23
23
23
23
23
52
81
81
81
81
81
81
23
27
27
81
27
27
23
81
81
81
81
81
81
81
81
81
81
81
81
81
81
81
23
27
27
81
27
27
23
81
81
81
81
81
81
81
81
81
81
81
81
81
81
81
23
27
27
75
27
27
23
81
81
81
81
81
81
81
81
81
91
81
81
81
81
81
3
23
23
43
23
23
23
81
81
81
81
81
81
81
81
81
81
81
81
81
81
81
81
81
81
75
81
81
81
81
81
81
81
81
81
81
81
81
81
81
81
81
81
81
81
81
81
81
81
81
81
81
81
81
81
81
81
81
81
81
81
81
81
81
81
81
81
81
81
81
81
81
81
81
81
81
81
81
81
81
81
81
81
81
81
81
