81
81
81
81
81
81
81
81
81
81
81
81
81
81
81
81
81
81
81
81
81
10
81
81
81
81
81
81
81
81
81
81
81
81
81
81
81
81
81
81
81
81
81
81
81
81
81
81
81
81
81
81
81
81
81
81
81
81
81
81
81
81
81
96
81
81
81
81
81
81
81
81
81
81
81
81
81
81
81
81
81
81
81
81
81
81
81
81
81
81
81
81
81
81
81
81
81
81
81
81
81
81
81
81
81
81
81
81
81
81
81
81
21
21
21
42
21
21
21
21
21
21
21
21
21
21
21
21
21
21
81
81
81
81
21
26
26
26
26
26
21
31
31
31
54
21
30
30
30
30
30
21
81
81
81
81
21
26
26
26
26
26
21
31
31
31
31
21
30
30
30
30
30
21
81
81
81
81
21
26
26
26
26
26
21
31
31
31
31
21
30
30
30
30
30
21
81
81
81
81
21
26
26
26
26
26
21
31
31
31
31
21
30
30
30
30
30
21
81
81
81
53
21
26
26
26
26
3
21
31
31
31
31
46
30
30
30
30
30
21
81
81
81
81
21
26
26
26
26
26
21
31
31
31
31
21
30
30
30
30
30
21
81
81
81
81
21
26
26
26
26
26
21
31
31
31
31
21
30
30
30
30
30
21
81
81
81
81
21
26
26
26
26
51
21
31
31
31
31
21
30
30
30
30
30
21
81
81
81
81
21
26
26
26
26
26
21
31
31
31
31
21
30
30
30
30
30
21
81
81
81
81
21
21
21
43
21
21
21
21
47
21
21
21
21
21
21
21
21
21
81
81
81
81
21
27
27
27
27
27
21
28
28
28
28
21
55
29
29
29
29
21
81
81
81
81
21
27
27
27
27
27
21
28
28
28
28
21
29
29
29
29
29
45
81
81
81
81
21
27
27
27
27
27
21
28
28
28
1
21
29
29
29
29
29
21
81
81
81
81
21
27
27
27
27
27
21
28
28
28
28
21
29
29
29
29
29
21
81
81
81
81
21
27
27
27
27
27
44
28
28
28
28
21
29
29
80
29
29
21
81
81
81
81
21
27
27
27
27
27
21
28
28
28
28
21
29
29
29
29
29
21
81
81
81
81
21
27
27
27
27
27
21
28
28
28
28
21
29
29
29
29
29
21
81
81
81
81
21
27
27
27
27
27
21
28
28
28
28
21
29
29
29
29
29
21
81
81
81
81
21
27
27
27
27
52
21
28
28
28
49
21
29
29
29
29
29
21
81
81
81
81
21
27
27
27
27
4
21
28
28
28
28
21
7
29
29
29
29
21
81
81
81
81
21
21
21
21
21
21
21
21
41
21
21
21
21
21
21
21
21
21
81
81
81
81
21
30
30
30
30
30
21
25
25
25
25
21
26
26
26
26
26
21
81
81
81
81
21
30
30
30
30
30
21
25
25
25
25
21
26
26
26
26
26
21
81
81
81
81
21
30
30
30
30
30
21
25
25
25
25
21
26
26
26
26
26
21
81
81
81
81
21
30
30
30
30
30
21
25
25
25
25
21
26
26
26
26
26
21
81
81
81
81
21
30
30
30
30
30
46
25
25
25
25
21
26
26
26
26
26
21
81
81
81
50
21
30
30
30
30
30
21
25
25
25
25
42
26
26
26
26
26
21
50
81
81
81
21
30
30
30
30
30
21
25
25
25
25
21
26
26
26
26
26
21
81
81
81
81
21
30
30
30
30
30
21
25
25
25
25
21
26
26
26
26
26
21
81
81
81
81
21
30
30
30
30
30
21
25
25
25
54
21
26
26
26
26
26
21
81
81
81
81
21
30
30
30
30
30
21
25
25
25
6
21
26
26
26
26
26
21
81
81
81
81
21
21
21
21
21
21
21
21
21
21
21
21
21
21
21
21
21
21
81
81
81
81
81
81
81
81
81
81
81
81
81
81
81
81
81
81
81
81
81
81
81
81
81
81
81
81
81
81
81
81
81
81
81
81
81
81
81
81
81
81
81
81
81
81
