81
7
23
81
81
31
31
31
31
5
22
22
81
81
81
81
30
30
30
30
30
4
81
98
23
81
81
31
31
31
31
31
22
22
81
81
81
81
30
30
30
30
30
30
81
81
23
81
81
31
31
31
31
31
22
22
81
81
81
81
30
30
30
30
30
30
81
81
23
81
81
31
31
31
31
31
22
22
81
81
81
81
30
30
30
30
30
30
81
81
81
81
81
31
31
31
31
31
22
22
81
81
81
81
30
30
30
30
30
30
81
81
81
81
81
31
31
31
31
31
22
22
81
81
81
81
30
30
30
30
30
30
81
81
81
81
81
31
31
31
31
31
22
22
81
81
81
81
30
30
30
30
30
30
81
81
81
81
81
31
31
31
31
31
22
22
81
81
81
81
30
30
30
30
30
30
81
81
81
81
81
81
81
81
81
81
22
22
81
81
81
81
81
81
81
81
81
81
81
81
81
81
81
81
81
81
81
81
22
22
81
81
81
81
81
81
81
81
81
81
81
81
81
81
81
81
81
81
81
81
22
22
81
81
81
81
81
81
81
81
81
81
81
81
81
81
81
81
81
81
81
81
22
22
81
81
81
81
81
81
81
81
81
81
81
81
81
81
81
81
81
81
81
81
22
22
81
81
81
81
81
81
81
81
81
81
81
81
81
81
81
81
81
81
81
81
22
22
81
81
81
81
81
81
81
81
81
81
81
81
81
81
81
81
81
81
81
81
81
81
81
81
81
81
81
81
81
81
81
81
81
81
81
81
81
81
81
81
81
81
81
81
81
81
81
81
81
81
81
81
81
81
81
81
81
81
81
81
81
81
81
81
81
81
81
81
81
18
18
18
18
18
18
18
81
81
81
81
81
81
81
81
81
81
81
18
81
81
81
18
26
26
26
26
26
26
81
81
81
81
81
81
81
81
81
81
81
18
81
81
81
18
26
26
26
26
26
26
81
81
81
81
81
81
81
81
81
81
81
18
81
81
81
18
26
26
26
26
26
26
81
81
81
81
81
81
81
81
81
81
81
18
81
81
81
42
26
26
26
26
26
26
81
81
81
81
81
81
81
81
81
81
81
18
81
81
81
18
26
26
26
26
26
26
81
81
81
81
81
81
81
81
81
81
81
18
81
81
81
18
26
26
26
26
26
80
81
81
81
81
81
81
81
81
81
81
81
81
81
81
81
18
18
18
18
18
18
18
81
81
81
81
81
81
81
81
81
81
81
81
81
81
81
81
81
81
81
81
81
81
81
81
81
81
81
81
81
81
81
81
81
81
81
81
81
81
81
81
81
81
81
81
81
81
81
81
81
81
81
81
81
81
21
21
81
81
81
81
81
81
81
81
81
81
81
81
81
81
81
81
81
81
81
81
21
21
81
81
81
81
81
81
81
81
81
81
81
81
81
81
81
81
81
81
81
81
21
21
81
81
81
81
81
81
81
81
81
81
81
81
81
81
81
81
81
81
81
81
21
21
81
81
81
81
81
81
81
81
81
81
81
81
81
81
81
81
81
81
81
81
21
21
81
81
81
81
81
81
81
81
81
81
81
81
81
81
81
81
81
81
81
81
21
21
81
81
81
81
81
81
81
81
81
81
81
81
81
81
81
29
29
29
29
29
21
21
81
81
81
81
28
28
28
28
28
28
81
81
81
81
81
29
29
29
29
29
21
21
81
81
81
81
28
28
28
28
28
28
81
81
81
81
81
29
29
29
29
29
21
21
81
81
81
81
28
28
28
28
28
28
81
81
81
81
81
29
29
29
29
29
21
21
81
81
81
81
28
28
28
28
28
28
81
81
81
81
81
29
29
29
29
29
21
21
81
81
81
81
28
28
28
28
28
28
81
81
81
81
81
29
29
29
29
29
21
21
81
81
81
81
28
28
28
28
28
28
81
81
81
81
81
29
29
29
29
29
21
21
81
81
81
81
28
28
28
28
28
50
81
81
81
81
81
29
29
29
29
6
21
21
81
81
81
81
28
28
28
28
28
2
