81
81
81
81
81
81
81
81
81
81
81
81
81
81
81
81
81
81
81
81
81
81
81
81
81
81
81
81
81
81
81
81
81
81
81
81
81
81
81
81
81
81
81
81
81
81
81
81
81
81
22
81
81
81
22
81
81
81
22
81
81
81
81
18
81
81
81
81
81
81
81
81
22
22
22
22
22
22
22
46
22
81
18
18
42
18
18
2
81
96
81
81
81
81
22
38
38
38
38
38
38
38
22
81
18
34
34
34
18
81
81
81
81
81
21
81
22
38
38
38
38
38
38
38
22
81
18
34
34
34
18
81
81
53
21
45
21
81
22
38
38
38
38
38
38
38
22
81
18
34
34
34
18
81
81
81
21
37
21
81
22
38
38
38
38
38
38
38
22
81
18
34
34
34
18
81
81
81
21
37
21
81
22
38
38
38
38
38
38
38
22
81
18
34
34
34
18
81
81
81
21
37
21
81
22
50
38
38
38
38
38
38
22
81
18
34
34
34
18
81
81
81
21
37
21
81
22
22
22
22
22
22
22
22
22
81
18
34
34
34
18
81
81
81
21
37
21
81
81
81
81
81
81
81
81
81
6
81
18
34
34
34
18
81
81
81
21
37
21
81
81
81
81
81
81
81
81
81
81
81
18
34
34
34
18
81
81
81
21
54
21
81
81
81
81
81
81
81
81
81
81
81
18
18
42
18
18
81
81
81
21
21
21
81
81
81
81
81
81
81
81
81
81
81
18
34
34
34
18
81
81
81
81
81
81
81
22
22
22
22
22
22
22
22
22
81
18
34
34
34
18
81
81
53
21
21
21
81
22
38
38
38
38
38
38
50
22
81
18
34
34
34
18
81
81
81
21
37
21
81
22
38
38
38
38
38
38
38
22
81
18
34
34
34
18
81
81
81
45
37
21
81
22
38
38
38
38
38
38
38
22
81
18
34
34
34
18
81
81
81
21
37
21
81
22
38
38
38
38
38
38
38
22
81
18
34
34
34
18
81
81
81
21
54
21
81
22
38
38
38
38
38
38
38
22
81
18
34
34
34
18
81
81
81
21
21
21
81
22
38
38
38
38
38
38
38
22
81
18
34
34
34
18
81
81
81
81
81
81
81
22
46
22
22
22
22
22
22
22
81
18
34
34
34
18
81
81
53
21
21
21
81
81
81
22
81
81
81
22
81
81
81
18
34
34
34
18
81
81
81
21
54
21
81
81
81
81
81
81
81
81
81
81
81
18
18
42
18
18
81
81
81
21
37
21
81
81
81
81
81
81
81
81
81
81
81
18
34
34
34
18
81
81
81
21
37
21
81
81
81
81
81
81
81
81
81
81
81
18
34
34
34
18
81
81
81
21
37
21
81
22
22
22
22
22
22
22
22
22
81
18
34
34
34
18
81
81
81
21
37
21
81
22
38
38
38
50
38
38
38
22
81
18
34
34
34
18
81
81
81
21
37
21
81
22
38
38
38
38
38
38
38
22
81
18
34
34
34
18
81
81
81
21
37
21
81
22
38
38
38
38
38
38
38
22
81
18
34
34
34
18
81
81
5
21
45
21
81
22
38
38
38
38
38
38
38
22
81
18
34
34
34
18
81
81
81
81
81
21
81
22
38
38
38
38
38
38
38
22
81
18
34
34
34
18
81
81
81
81
81
81
81
22
38
38
38
38
38
38
38
22
81
18
34
34
55
18
81
81
81
81
81
81
81
22
22
22
22
46
22
22
22
22
81
18
18
18
18
18
81
81
81
81
81
81
81
22
81
81
81
81
22
81
81
81
81
81
81
81
81
81
81
81
81
81
81
81
81
81
81
81
81
81
81
81
81
81
81
81
81
23
23
23
23
81
81
81
81
81
81
81
81
81
81
81
81
81
81
81
23
81
81
47
39
39
39
81
81
81
81
81
81
81
81
81
81
81
81
81
81
81
23
81
81
23
39
39
39
81
81
81
81
81
81
81
81
81
81
81
81
81
81
81
23
81
7
23
39
39
80
