81
81
81
81
81
81
81
81
81
81
81
81
81
81
81
81
81
81
81
81
81
81
81
81
81
81
81
81
81
81
81
81
81
81
81
81
81
81
81
81
81
81
81
81
81
81
81
81
81
81
81
81
81
81
81
81
81
81
81
81
81
81
81
81
81
81
81
81
81
81
81
81
81
81
81
81
81
81
81
81
81
81
81
81
81
81
81
81
81
81
81
81
81
81
81
81
81
81
81
81
81
81
81
81
81
81
81
81
81
81
81
81
81
81
81
23
23
23
23
23
23
23
23
23
23
23
23
23
81
81
81
81
81
81
81
81
81
17
16
16
16
16
16
16
16
16
16
16
16
23
81
81
81
81
81
81
81
81
81
17
16
81
81
81
81
81
81
81
81
0
16
23
81
81
81
81
81
81
81
81
81
17
16
81
81
92
81
81
81
81
81
1
16
23
81
81
81
81
81
81
81
81
81
17
16
81
81
81
81
81
81
81
81
2
16
23
81
81
81
81
81
81
81
81
81
17
16
81
81
81
81
81
81
81
81
3
16
23
81
81
81
81
81
81
81
81
81
17
16
81
81
81
81
81
81
81
81
4
16
23
81
81
81
81
81
81
81
81
81
18
16
81
81
81
81
81
81
81
81
5
16
23
81
81
81
81
81
81
81
81
81
18
16
81
81
81
81
81
81
81
81
6
16
23
81
81
81
81
81
81
81
81
81
18
16
81
81
81
81
81
81
81
81
7
16
23
81
81
81
81
81
81
81
81
81
18
16
81
81
81
81
81
81
81
81
81
16
23
81
81
81
81
81
81
81
81
81
18
16
81
81
81
81
81
81
81
81
81
16
23
81
81
81
81
81
81
81
81
81
19
16
81
81
81
81
81
81
81
81
51
16
23
81
81
81
81
81
81
81
81
81
19
16
81
81
81
81
81
81
81
81
81
16
23
81
81
81
81
81
81
81
81
81
19
16
81
81
81
81
81
81
81
81
81
16
23
81
81
81
81
81
81
81
81
81
19
16
81
81
81
81
81
81
81
81
81
16
23
81
81
81
81
81
81
81
81
81
20
16
81
81
81
81
81
81
81
81
81
16
23
81
81
81
81
81
81
81
81
81
20
16
70
32
35
74
36
43
69
71
33
16
23
81
81
81
81
81
81
81
81
81
20
16
81
81
81
81
81
81
81
81
81
16
23
81
81
81
81
81
81
81
81
81
21
16
81
81
81
81
81
81
81
81
81
16
23
81
81
81
81
81
81
81
81
81
21
16
81
81
81
81
81
81
81
81
80
16
23
81
81
81
81
81
81
81
81
81
22
16
16
16
16
16
16
16
16
16
16
16
23
81
81
81
81
81
81
81
81
81
23
23
23
23
23
23
23
23
23
23
23
23
23
81
81
81
81
81
81
81
81
81
81
81
81
81
81
81
81
81
81
81
81
81
81
81
81
81
81
81
81
81
81
81
81
81
81
81
81
81
81
81
81
81
81
81
81
81
81
81
81
81
81
81
81
81
81
81
81
81
81
81
81
81
81
81
81
81
81
81
81
81
81
81
81
81
81
81
81
81
81
81
81
81
81
81
81
81
81
81
81
81
81
81
81
81
81
81
81
81
81
81
81
81
81
81
81
81
81
81
81
81
81
81
81
81
81
81
81
81
81
81
81
81
81
81
81
81
81
81
81
81
81
81
81
81
81
81
81
81
81
81
81
81
81
81
81
81
81
81
81
81
81
81
81
81
81
81
81
81
81
81
81
81
81
81
81
81
81
81
81
81
81
81
81
81
81
81
81
81
81
81
81
81
81
81
81
81
81
81
81
81
81
81
81
81
81
81
81
81
81
81
81
81
81
81
81
81
81
81
81
81
81
81
81
81
81
81
81
81
81
81
81
81
81
81
81
81
81
81
81
81
81
81
81
81
81
81
81
81
81
81
81
81
81
81
81
81
81
81
81
81
81
81
81
81
81
81
81
81
81
81
81
81
81
81
81
81
81
81
81
