81
81
81
81
81
81
81
81
81
81
81
81
81
81
81
81
81
81
81
81
81
81
81
81
81
81
81
81
81
81
81
81
81
81
81
81
81
81
81
81
81
81
81
81
81
81
81
81
81
81
81
81
81
81
81
81
81
81
81
81
81
81
81
81
81
81
81
81
81
81
81
81
81
81
81
81
81
81
81
81
81
81
81
81
81
81
81
81
81
81
81
81
81
81
81
81
81
81
81
81
81
81
81
81
81
81
81
81
81
81
81
81
81
81
81
81
81
81
81
81
81
81
81
81
81
81
81
81
81
81
81
81
81
81
81
81
81
81
81
81
81
81
81
81
81
81
81
81
81
81
81
81
81
81
81
81
81
81
81
81
81
81
81
81
81
81
81
81
81
81
81
81
81
81
81
81
81
81
81
81
81
21
21
21
21
21
21
21
21
21
21
21
21
21
21
21
81
81
81
81
81
81
81
21
81
81
81
81
81
81
81
81
81
81
25
25
29
21
81
81
81
81
81
81
81
21
81
81
81
81
81
81
24
81
25
25
25
29
29
21
81
81
81
81
81
81
81
21
81
81
81
81
24
24
81
25
25
81
29
29
81
21
81
81
81
81
81
81
81
21
81
81
81
81
24
81
25
25
29
29
29
81
81
21
81
81
81
81
81
81
81
21
81
81
81
24
81
25
25
29
29
81
31
31
31
21
81
81
81
81
81
81
81
21
81
81
81
24
81
25
29
81
81
31
31
31
81
21
81
81
81
81
81
81
81
21
81
81
24
81
25
81
29
81
81
31
31
31
81
21
81
81
81
81
81
81
81
21
81
81
24
81
25
29
81
81
81
31
31
81
81
21
81
81
81
81
81
81
81
21
81
24
24
81
25
29
28
28
81
30
30
30
81
21
81
81
81
81
81
81
81
21
81
24
81
81
25
29
28
28
28
30
30
30
30
21
81
81
81
81
81
81
81
21
81
24
81
25
81
29
28
28
81
30
30
30
81
21
81
81
81
81
81
81
81
21
81
24
81
25
81
29
29
81
81
30
30
30
81
21
81
81
81
81
81
81
81
21
81
81
81
25
81
81
29
81
81
81
30
26
26
21
81
81
81
81
81
81
81
21
81
81
81
81
25
81
81
29
29
81
81
26
26
21
81
81
81
81
81
81
81
21
81
81
81
81
25
25
25
81
29
27
27
27
81
21
81
81
81
81
81
81
81
21
81
81
81
81
81
81
81
81
81
27
27
27
81
21
81
81
81
81
81
81
81
21
81
81
81
81
81
81
81
81
81
27
27
27
81
21
81
81
81
81
81
81
81
21
81
81
81
81
81
81
81
81
81
81
27
27
81
21
81
81
81
81
81
81
81
21
81
81
81
81
81
81
81
81
81
81
81
81
81
21
81
81
81
81
81
81
81
21
81
81
81
81
81
81
81
81
81
81
81
81
81
21
81
81
81
81
81
81
81
21
81
81
81
81
81
81
81
81
81
81
81
81
81
21
81
81
81
81
81
81
81
21
91
81
81
81
81
81
81
81
81
81
81
81
81
21
81
81
81
81
81
81
81
21
81
81
81
81
81
81
81
81
81
81
81
81
81
21
81
81
81
81
81
81
81
21
8
9
10
11
12
13
14
15
81
81
81
81
81
21
81
81
81
81
81
81
81
21
21
21
21
21
21
21
21
21
21
21
21
21
21
21
81
81
81
81
81
81
81
81
81
81
81
81
81
81
81
81
81
81
81
81
81
81
81
81
81
81
81
81
81
81
81
81
81
81
81
81
81
81
81
81
81
81
81
81
81
81
81
81
81
81
81
81
81
81
81
81
81
81
81
81
81
81
81
81
81
81
81
81
81
81
81
81
81
81
81
81
81
81
81
81
81
81
81
81
81
81
81
81
81
81
81
81
81
81
81
81
81
81
81
81
81
81
81
81
81
81
81
81
81
81
81
81
81
81
81
81
81
81
81
81
81
81
81
81
81
81
81
81
81
81
81
81
81
81
